1016 932 978 795 372 224 953 553 140 720 139 902 942 1112
1017 880 228 587 180 352 672 532 643 415 469 497 244 1051
1018 756 210 783 812 527 629 608 515 575 437 536 335 1170
1019 357 356 312 390 688 531 946 886 537 373 735 161 1289
1020 876 724 286 435 418 325 854 738 806 733 503 430 1096
1021 527 885 664 261 436 184 633 482 421 839 791 334 1208
1022 314 792 433 559 719 504 387 932 339 862 663 758 1490
1023 375 903 900 687 568 605 203 949 1000 384 842 689 1099
1024 280 254 560 312 558 478 617 264 812 582 132 404 1329
1025 443 986 417 459 563 297 682 238 377 478 778 553 1484
1026 521 742 659 717 213 728 998 522 311 691 335 857 1010
1027 289 760 281 937 570 609 832 849 464 590 623 864 1309
1028 586 734 572 732 764 119 158 142 524 328 431 345 1420
1029 761 870 892 190 210 286 642 363 792 973 409 457 1199
1030 650 336 211 305 799 382 183 577 465 579 427 333 1420
1031 523 559 769 174 239 746 329 774 288 721 792 619 1374
1032 582 386 931 242 966 240 307 938 561 753 794 405 1229
1033 918 283 747 193 886 191 776 836 947 431 867 890 1225
1034 379 241 525 919 965 954 121 100 671 544 224 603 1252
1035 795 585 956 353 945 193 414 199 186 305 248 102 1351
1036 748 522 292 126 190 504 705 803 583 749 209 170 1466
1037 430 187 696 377 751 720 747 114 938 589 764 738 1167
1038 845 709 531 568 684 726 780 130 708 775 626 294 1302
1039 335 970 787 707 914 714 981 765 295 300 843 403 1145
1040 682 346 457 310 158 573 168 161 313 356 225 574 1266
1041 992 400 828 234 343 980 122 143 227 247 809 126 1093
1042 581 616 926 886 372 834 959 636 642 949 871 803 1180
1043 449 415 188 467 416 235 547 456 895 153 341 948 1041
1044 346 344 739 354 887 562 383 171 456 917 736 335 1220
1045 513 571 652 763 880 586 444 298 505 983 656 475 1042
1046 528 167 164 572 790 902 593 545 570 892 510 268 1202
1047 648 148 405 687 522 116 375 382 527 532 997 363 1225
1048 891 717 501 213 771 722 355 651 105 176 756 136 1421
1049 629 402 833 219 629 916 665 868 185 391 378 620 1440
1050 225 648 508 682 765 299 974 926 636 137 212 308 1340
1051 975 277 594 318 851 185 845 139 265 452 300 413 1430
1052 913 577 303 469 602 929 608 715 172 908 383 822 1289
1053 762 327 310 479 224 810 214 232 692 514 433 221 1310
1054 930 830 119 338 947 755 824 265 291 992 118 959 1290
1055 491 395 910 777 206 699 783 811 351 197 814 487 1331
1056 151 989 251 538 348 249 149 187 446 323 287 186 1147
1057 673 130 981 957 810 876 308 528 975 988 965 892 1015
1058 989 476 656 476 679 449 900 128 938 299 659 852 1163
1059 344 222 199 926 460 256 853 384 759 536 467 750 1035
1060 642 846 851 888 820 158 334 290 910 709 884 955 1342
1061 169 864 575 601 764 994 972 186 606 121 475 746 1165
1062 138 755 228 247 924 760 141 514 410 382 282 672 1325
1063 831 933 328 603 847 222 541 609 875 493 752 190 1387
1064 594 520 497 832 537 508 262 251 520 227 820 379 1403
1065 489 927 393 362 107 329 620 768 159 751 379 484 1171
1066 325 433 464 717 274 409 120 905 433 645 693 867 1113
1067 900 105 502 160 935 590 891 514 170 174 292 236 1222
1068 238 184 241 370 965 645 812 978 454 824 570 496 1233
1069 876 481 518 628 904 847 267 115 803 506 909 372 1242
1070 946 647 760 439 443 341 634 572 657 415 432 937 1427
1071 709 353 989 864 683 141 151 400 243 735 146 168 1460
1072 892 316 910 963 411 122 107 172 823 229 750 583 1069
1073 873 997 206 786 169 333 812 301 308 824 320 776 1069
1074 199 852 253 982 794 204 574 746 877 106 184 956 1283
1075 924 257 982 951 502 363 375 797 677 918 648 778 1159
1076 522 838 214 193 549 212 808 187 634 774 463 888 1399
1077 929 976 289 317 855 434 806 913 984 831 720 269 1115
1078 543 991 937 504 913 110 398 488 530 222 175 583 1492
1079 319 256 322 852 795 715 634 279 574 914 251 471 1041
1080 434 551 789 570 322 876 840 207 320 545 719 926 1350
1081 520 221 504 139 503 550 422 938 455 315 592 481 1092
1082 485 361 728 466 879 206 748 374 998 661 331 836 1013
1083 774 997 349 224 634 997 313 338 576 341 370 642 1249
1084 688 505 902 387 924 356 202 902 264 714 795 500 1088
1085 908 843 637 923 245 478 166 165 487 191 241 699 1027
1086 748 522 174 829 192 165 381 527 443 445 350 358 1111
1087 547 977 854 244 562 733 111 817 208 802 328 613 1165
1088 370 567 948 403 525 865 800 572 202 785 262 451 1040
1089 942 418 967 720 451 461 861 541 314 142 296 457 1040
1090 796 791 843 288 488 971 559 422 860 415 986 462 1219
1091 165 657 516 552 675 370 488 423 284 177 787 720 1182
1092 758 924 293 445 971 495 158 513 604 781 948 235 1457
1093 437 146 114 878 110 461 306 932 922 910 764 663 1398
1094 273 847 651 606 887 982 125 219 731 835 421 378 1173
1095 329 771 113 298 487 536 778 145 501 110 234 860 1339
1096 101 641 881 380 585 231 746 423 160 998 122 730 1408
1097 378 705 851 952 415 311 808 699 659 567 784 264 1456
1098 407 667 580 951 997 583 535 395 375 553 457 930 1106
1099 989 465 971 406 526 1000 691 732 112 730 127 358 1392
1100 713 796 214 175 391 305 535 350 866 925 847 170 1076
1101 452 740 946 151 894 814 723 961 982 844 208 832 1408
1102 802 834 919 434 749 992 405 346 601 250 495 386 1466
1103 573 713 579 198 216 565 460 661 851 822 526 729 1431
1104 403 371 528 400 521 417 721 133 306 987 853 304 1145
1105 276 204 275 248 394 685 334 227 759 713 125 627 1369
1106 573 623 457 467 672 975 149 754 574 981 646 409 1076
1107 542 702 385 849 789 488 249 724 214 497 525 315 1432
1108 751 631 107 330 701 187 673 583 260 103 692 314 1109
1109 929 532 802 442 801 366 270 892 738 131 294 448 1484
1110 640 866 285 514 497 321 754 328 628 945 721 675 1385
1111 305 923 959 204 269 760 720 900 501 277 112 684 1381
1112 451 378 557 208 386 273 410 211 398 644 238 111 1269
1113 137 920 138 974 307 728 491 179 948 509 257 724 1468
1114 635 832 189 515 101 632 233 836 991 357 478 898 1141
1115 936 784 116 327 899 211 237 730 645 164 689 143 1151
1116 607 997 579 705 850 380 145 202 885 636 269 843 1313
1117 773 294 811 381 346 346 675 859 924 828 955 898 1264
1118 388 979 849 286 346 267 437 142 127 398 256 590 1216
1119 950 473 683 804 808 730 876 603 385 869 493 912 1465
1120 278 686 681 526 273 418 502 800 216 659 204 602 1405
1121 896 749 426 565 508 548 981 834 148 647 936 294 1303
1122 434 788 344 187 690 884 836 273 197 895 933 354 1500
1123 876 839 955 673 667 731 660 261 555 688 688 276 1070
1124 777 621 344 259 226 750 411 313 828 421 727 698 1288
1125 432 215 972 345 469 380 710 190 830 337 744 168 1010
1126 684 949 681 950 803 921 279 860 786 532 243 899 1160
1127 687 701 739 659 689 573 256 312 658 690 390 424 1060
1128 994 690 160 659 335 585 454 543 213 753 662 713 1392
1129 325 805 636 334 543 277 396 554 735 458 105 111 1058
1130 219 281 849 766 805 487 675 701 584 837 745 554 1009
1131 491 676 997 533 689 816 621 510 109 966 805 663 1153
1132 263 924 402 876 544 451 309 192 834 140 935 356 1253
1133 152 889 721 104 803 611 324 729 342 596 217 958 1275
1134 806 792 536 266 558 694 496 568 655 363 871 245 1399
1135 299 673 719 853 929 559 389 834 418 225 597 123 1074
1136 275 189 945 949 179 600 847 841 293 949 912 623 1391
1137 878 599 391 547 900 722 420 937 229 222 198 546 1357
1138 649 600 694 238 556 966 881 872 310 689 879 748 1440
1139 294 210 664 761 162 757 696 493 500 852 206 690 1258
1140 430 172 278 865 857 325 314 493 204 536 260 304 1328
1141 482 275 562 604 196 372 257 826 514 955 465 744 1020
1142 722 292 449 466 685 633 897 480 537 304 478 943 1463
1143 804 676 836 656 300 978 238 872 222 789 606 837 1485
1144 235 851 419 656 937 833 754 972 720 682 716 561 1363
1145 650 242 377 542 520 846 448 959 543 553 295 223 1180
1146 479 921 498 197 983 975 649 692 816 683 793 972 1059
1147 692 786 166 681 245 108 801 885 792 237 867 893 1038
1148 168 990 181 157 829 733 599 266 937 633 505 801 1437
1149 302 743 886 746 680 965 199 834 207 121 246 197 1439
1150 562 533 657 876 646 525 839 586 870 619 609 810 1227
1151 510 409 415 611 931 685 909 112 313 126 133 524 1052
1152 494 946 339 974 653 711 206 872 323 733 501 427 1346
1153 842 934 859 176 945 606 437 621 366 349 989 373 1139
1154 399 453 467 217 872 859 736 791 151 915 428 515 1245
1155 878 761 424 285 571 862 236 410 549 889 298 804 1451
1156 419 727 800 609 522 585 657 548 886 402 480 628 1077
1157 392 274 197 178 817 709 756 155 926 596 820 264 1078
1158 508 329 743 986 938 985 311 415 923 116 591 147 1189
1159 693 337 451 268 127 269 681 762 138 838 171 780 1227
1160 631 944 984 386 201 717 796 453 222 375 441 356 1053
1161 210 944 504 355 162 227 427 931 941 865 828 371 1499
1162 786 340 799 247 263 425 329 838 127 936 211 539 1358
1163 582 635 390 105 584 933 906 392 265 196 370 512 1107
1164 120 412 186 490 232 459 739 161 787 756 777 428 1324
1165 828 660 869 782 229 314 110 451 871 297 381 650 1291
1166 134 219 724 470 893 768 502 918 271 127 770 439 1276
1167 135 458 821 237 678 473 167 370 497 977 522 537 1155
1168 602 343 799 608 275 989 804 403 299 944 233 399 1293
1169 611 614 854 810 289 665 270 234 285 810 758 330 1268
1170 950 794 663 801 611 140 285 645 688 199 475 295 1009
1171 440 864 142 654 462 974 449 161 834 856 122 909 1156
1172 633 584 888 677 581 350 748 455 987 992 373 511 1336
1173 369 757 224 674 846 455 685 882 233 352 134 473 1233
1174 487 755 448 615 947 403 474 730 775 775 214 923 1336
1175 621 144 294 633 337 429 529 293 535 846 854 848 1043
1176 514 991 286 719 719 551 566 655 530 729 720 387 1179
1177 384 776 488 681 724 516 429 908 504 971 194 667 1228
1178 866 659 626 319 183 571 445 675 952 857 760 422 1015
1179 507 560 623 271 134 526 420 966 996 230 323 987 1303
1180 236 176 329 194 776 356 292 473 521 383 109 847 1383
1181 620 684 735 729 194 766 556 334 449 552 293 571 1087
1182 886 448 685 278 890 836 852 907 175 595 103 145 1364
1183 611 379 623 824 121 577 130 571 238 264 435 744 1026
1184 800 128 253 484 866 100 656 565 212 334 352 751 1485
1185 219 273 835 424 395 854 276 627 907 503 837 109 1022
1186 386 453 213 127 365 176 229 116 428 594 992 711 1438
1187 697 325 420 110 611 711 789 284 337 444 448 631 1321
1188 732 253 200 836 510 179 844 618 316 115 734 868 1365
1189 735 886 803 118 432 484 600 967 450 217 509 225 1027
1190 587 452 568 207 147 796 412 588 367 824 417 368 1471
1191 755 123 852 865 311 643 400 190 929 201 550 996 1450
1192 821 126 689 834 638 145 563 961 170 855 193 851 1063
1193 311 477 632 507 161 478 433 741 991 696 338 507 1248
1194 965 270 289 848 760 199 127 563 839 591 298 632 1213
1195 120 934 364 461 870 336 201 749 442 540 340 715 1481
1196 811 154 772 413 364 617 740 671 595 954 767 970 1262
1197 500 873 362 210 130 722 362 296 977 780 931 241 1427
1198 367 983 293 968 815 782 170 786 434 810 736 930 1483
1199 488 437 953 813 986 757 652 341 295 827 570 241 1061
1200 251 698 304 336 219 136 832 925 725 979 859 816 1064
1201 953 745 763 589 119 928 500 196 108 231 157 961 1138
1202 678 646 103 228 627 162 881 627 413 964 722 409 1132
1203 713 939 588 705 723 984 631 234 335 518 796 655 1028
1204 134 577 921 395 292 963 976 636 631 486 104 776 1107
1205 822 803 746 849 866 401 917 163 591 533 272 387 1181
1206 501 293 115 710 314 562 259 815 362 463 709 421 1337
1207 474 643 694 470 643 683 886 463 744 733 505 665 1401
1208 621 605 848 258 321 705 391 246 624 571 483 598 1375
1209 283 467 450 948 496 517 805 990 980 221 650 773 1018
1210 544 259 310 866 684 521 151 154 355 229 796 371 1480
1211 251 885 216 556 563 646 435 107 303 709 712 562 1168
1212 191 338 787 631 272 471 119 726 183 266 693 473 1223
1213 843 188 140 135 534 587 637 644 582 582 481 209 1497
1214 152 738 765 473 621 802 358 279 513 510 329 739 1491
1215 668 106 379 216 422 802 556 933 191 232 926 335 1137
1216 785 931 356 903 213 151 925 297 459 466 751 582 1199
1217 463 836 216 488 684 888 590 731 839 312 331 205 1490
1218 261 329 298 929 920 511 398 992 245 386 438 914 1368
1219 556 723 431 627 926 931 483 840 141 261 580 384 1298
1220 589 530 459 243 911 334 816 380 773 842 906 862 1456
1221 767 156 687 902 305 681 212 925 858 693 297 443 1500
1222 988 345 437 594 148 345 548 374 585 458 553 934 1410
1223 721 541 405 985 775 301 104 552 177 345 941 213 1324
1224 578 196 808 478 674 469 644 903 231 889 201 781 1446
1225 197 182 660 973 750 616 576 346 615 712 896 529 1207
1226 689 663 307 379 884 306 923 742 203 694 884 950 1492
1227 434 757 779 481 984 651 123 751 431 854 403 414 1169
1228 181 101 319 785 400 303 431 910 882 418 573 452 1199
1229 779 972 861 173 365 550 555 455 520 228 656 931 1461
1230 795 552 332 185 979 596 446 167 114 393 403 321 1311
1231 616 590 916 562 103 252 472 275 784 638 167 666 1352
1232 130 609 801 798 285 782 494 843 161 156 631 640 1324
1233 201 459 130 122 366 697 640 851 455 207 573 255 1162
1234 126 388 355 753 797 877 840 141 450 377 400 868 1376
1235 325 818 132 382 943 209 267 818 444 496 497 641 1045
1236 434 492 210 600 557 200 863 383 580 492 769 828 1381
1237 485 293 834 823 770 828 827 707 701 477 923 759 1214
1238 592 881 916 797 104 600 221 971 116 555 856 149 1117
1239 670 667 224 142 426 549 790 774 472 412 351 641 1381
1240 585 209 314 292 261 215 529 192 971 617 977 612 1073
1241 367 176 955 968 996 611 700 323 436 231 738 914 1459
1242 642 299 263 390 659 859 780 596 143 585 631 918 1022
1243 980 304 346 574 119 526 122 148 384 155 955 408 1059
1244 675 899 896 639 759 485 479 643 663 407 457 581 1289
1245 811 391 630 980 452 954 684 444 522 520 481 974 1081
1246 392 101 756 128 631 605 357 466 711 346 135 329 1246
1247 519 728 104 374 575 675 543 404 128 333 343 494 1374
1248 213 746 874 694 683 542 748 198 528 457 459 323 1260
1249 273 919 981 911 285 878 668 432 884 225 888 108 1353
1250 212 838 326 839 373 417 935 180 186 929 499 208 1384
1251 940 390 609 918 526 142 166 760 474 688 298 358 1134
1252 855 176 800 366 966 131 791 207 865 614 919 445 1111
1253 818 325 612 704 658 963 795 288 753 700 583 731 1063
1254 168 851 879 917 285 219 794 535 916 598 337 126 1399
1255 942 238 576 425 355 674 331 705 308 518 690 197 1369
1256 878 765 545 792 858 998 783 744 698 751 911 133 1127
1257 172 795 425 663 733 939 111 270 794 937 790 351 1354
1258 287 211 491 615 223 384 790 805 614 374 702 339 1223
1259 751 816 418 549 657 658 923 129 850 957 620 344 1078
1260 242 671 175 703 217 533 714 651 488 512 623 300 1468
1261 758 381 442 776 760 361 374 420 161 964 105 882 1040
1262 694 809 282 745 572 572 397 603 558 766 510 349 1215
1263 717 271 226 842 777 767 210 247 780 894 476 131 1304
1264 617 362 848 357 466 876 580 918 611 486 379 724 1420
1265 276 516 528 972 100 418 693 500 753 185 740 785 1407
1266 569 976 722 852 531 900 396 515 509 747 154 444 1254
1267 497 903 281 862 420 311 576 154 515 735 892 816 1444
1268 886 681 474 241 753 709 898 192 408 379 205 765 1029
1269 518 616 692 346 423 693 777 506 766 171 500 718 1061
1270 327 510 222 688 862 468 600 989 157 493 899 637 1443
1271 660 658 434 475 656 670 398 762 311 737 439 456 1228
1272 341 923 489 318 325 860 161 948 796 918 498 199 1368
1273 380 943 603 118 623 882 533 223 400 960 625 454 1327
1274 220 172 506 944 106 209 828 549 381 605 483 530 1473
1275 184 132 902 707 367 530 755 865 675 966 184 463 1327
1276 920 669 718 502 729 221 567 257 952 120 462 919 1398
1277 506 907 903 828 462 293 599 936 436 220 798 580 1290
1278 987 390 576 889 117 136 460 984 113 676 698 757 1214
1279 420 581 999 471 777 606 109 699 297 125 846 484 1146
1280 987 675 900 914 259 899 385 346 973 110 528 295 1435
1281 709 729 112 531 124 743 677 422 943 521 499 728 1071
1282 316 820 922 547 141 108 733 596 119 336 649 822 1374
1283 123 528 695 393 871 501 378 585 348 243 919 102 1003
1284 329 677 451 418 133 246 651 963 631 280 410 461 1136
1285 114 535 934 323 525 878 841 870 543 374 403 370 1172
1286 902 396 140 101 514 947 987 746 282 993 414 454 1400
1287 270 835 667 789 883 223 937 846 384 660 580 276 1429
1288 374 191 367 415 754 286 387 944 654 835 881 439 1496
1289 130 126 526 211 336 281 607 309 229 130 790 104 1232
1290 944 331 853 457 671 929 993 200 225 724 405 618 1108
1291 977 453 893 353 533 880 302 727 839 626 524 391 1399
1292 574 289 905 559 873 382 374 371 826 554 759 294 1037
1293 958 318 285 668 882 365 348 569 746 121 580 181 1141
1294 778 838 385 678 643 476 265 508 233 825 452 643 1144
1295 644 427 792 296 844 544 668 508 901 589 898 913 1348
1296 148 828 185 248 446 105 267 448 569 387 940 340 1107
1297 718 453 968 993 501 592 741 239 923 970 978 674 1215
1298 143 520 811 159 108 472 673 808 108 248 715 969 1271
1299 217 596 817 287 173 432 314 375 116 354 240 950 1230
1300 479 137 285 173 114 323 962 219 930 222 128 558 1363
1301 300 172 673 215 311 593 504 470 526 985 166 419 1029
1302 705 926 314 794 506 883 899 150 332 851 203 971 1078
1303 498 559 963 868 767 755 715 822 941 944 965 522 1380
1304 891 120 861 379 553 562 385 302 229 312 273 425 1194
1305 996 587 358 758 730 820 721 412 210 837 926 681 1488
1306 695 990 642 229 371 695 919 195 198 717 514 595 1158
1307 867 807 758 710 800 786 602 502 381 130 775 593 1234
1308 799 730 869 274 451 367 155 720 481 240 137 611 1041
1309 595 885 640 103 345 319 387 537 165 977 735 967 1233
1310 484 179 524 866 642 637 486 213 485 925 897 298 1449
1311 118 444 669 803 688 856 466 495 319 270 312 755 1136
1312 139 577 831 833 926 185 706 966 489 426 655 801 1424
1313 897 951 429 213 361 331 941 399 800 276 583 934 1364
1314 459 615 471 464 379 253 568 769 382 369 359 700 1180
1315 678 435 794 993 214 921 378 998 525 506 168 508 1223
1316 861 414 205 684 206 212 777 315 146 617 358 159 1194
1317 170 967 316 846 371 374 208 761 292 121 741 780 1206
1318 445 823 870 270 605 240 182 455 783 105 255 403 1196
1319 874 402 191 646 135 700 732 279 253 813 388 605 1199
1320 395 407 351 246 282 307 384 540 705 196 596 980 1076
1321 386 781 295 878 670 219 647 852 609 385 781 531 1317
1322 337 919 527 527 769 790 529 558 490 239 141 561 1249
1323 799 668 362 362 371 530 772 585 389 195 602 210 1197
1324 245 800 410 230 878 507 979 962 358 385 946 573 1242
1325 702 711 391 787 609 734 258 958 903 256 133 588 1500
1326 807 268 990 515 210 747 351 454 313 452 699 534 1316
1327 804 380 235 147 643 275 921 354 439 523 260 273 1278
1328 847 740 254 474 890 811 345 178 214 778 840 656 1064
1329 242 602 163 773 798 895 121 703 555 135 972 584 1236
1330 103 702 380 372 399 928 318 165 404 403 401 693 1465
1331 804 666 712 139 225 923 209 336 414 916 604 556 1045
1332 790 548 158 924 844 147 440 338 313 544 140 939 1266
1333 375 176 527 173 267 405 864 411 350 393 304 864 1083
1334 422 716 667 753 494 451 980 772 283 245 740 910 1432
1335 560 892 201 487 986 974 835 580 194 830 956 746 1401
1336 173 522 248 354 757 839 612 329 484 894 370 503 1388
1337 568 727 689 618 590 428 459 850 389 632 414 452 1125
1338 701 715 286 406 733 944 791 741 667 110 685 729 1420
1339 286 401 866 702 864 960 450 194 151 297 380 355 1061
1340 115 310 679 128 564 549 912 833 831 435 685 924 1163
1341 820 706 284 418 933 631 383 989 932 143 756 516 1117
1342 140 367 397 829 682 688 223 275 258 863 992 424 1271
1343 666 544 921 392 234 975 242 173 324 927 567 391 1272
1344 573 884 842 609 525 914 796 191 475 267 479 203 1075
1345 853 584 557 525 844 331 324 956 337 277 935 244 1010
1346 552 589 436 456 848 218 496 436 203 446 467 189 1248
1347 330 277 188 876 933 756 363 934 633 153 996 618 1240
1348 897 542 458 326 676 732 206 981 897 719 775 600 1016
1349 295 629 260 464 733 521 294 794 975 469 699 345 1488
1350 963 245 511 564 323 761 522 189 824 860 294 270 1410
1351 997 872 120 266 434 846 312 867 918 254 376 589 1473
1352 923 994 222 769 709 599 736 103 246 211 361 168 1007
1353 216 501 704 891 151 874 436 661 806 907 927 694 1232
1354 525 170 431 202 768 944 551 743 378 821 412 264 1185
1355 780 739 791 446 587 332 637 139 700 689 427 472 1216
1356 422 969 769 631 961 811 909 284 194 203 995 285 1142
1357 464 894 114 250 962 587 450 632 990 835 394 919 1460
1358 900 697 784 706 250 667 952 722 516 931 756 789 1052
1359 574 377 864 957 446 439 998 504 556 555 636 825 1358
1360 309 619 281 795 152 671 222 249 427 317 560 900 1275
1361 435 790 892 519 117 378 955 324 714 872 519 762 1366
1362 772 939 979 698 308 445 430 825 967 670 575 109 1234
1363 403 988 455 279 400 868 521 759 547 718 495 295 1446
1364 584 691 984 148 134 119 683 287 644 156 268 863 1478
1365 621 941 491 538 430 335 843 542 473 818 823 252 1457
1366 858 435 770 921 285 782 100 586 624 562 315 740 1247
1367 464 178 956 197 908 525 573 423 592 355 358 297 1466
1368 173 326 272 705 484 508 401 896 214 928 413 240 1055
1369 805 208 828 520 870 288 800 513 232 887 878 426 1057
1370 132 403 294 230 159 634 574 777 503 876 411 759 1439
1371 607 103 594 901 312 941 692 440 131 991 873 743 1482
1372 549 103 394 911 589 142 882 753 728 311 160 950 1413
1373 167 695 231 645 563 810 281 352 626 755 181 660 1395
1374 787 398 644 294 241 414 314 764 336 774 509 578 1442
1375 232 716 974 102 836 914 936 253 799 489 412 234 1110
1376 884 148 847 237 489 996 288 816 546 305 495 581 1167
1377 599 342 739 759 375 273 923 244 804 320 193 688 1148
1378 833 199 485 803 906 259 256 856 331 808 661 928 1462
1379 802 279 435 908 721 393 336 380 364 262 611 821 1266
1380 339 171 239 406 790 246 250 304 657 923 514 912 1080
1381 149 508 220 866 305 288 580 444 430 627 402 882 1434
1382 866 490 476 243 361 176 446 623 655 919 610 418 1197
1383 847 816 907 979 768 962 556 220 889 252 627 776 1269
1384 464 313 498 1000 744 146 764 401 326 799 427 460 1122
1385 739 612 489 910 174 975 562 768 171 806 782 579 1121
1386 202 568 855 978 108 709 671 435 674 975 428 967 1107
1387 934 168 820 981 182 700 123 962 142 478 623 532 1195
1388 445 195 941 180 160 694 159 988 998 113 514 120 1166
1389 667 782 339 599 892 734 647 696 726 356 477 719 1067
1390 181 580 544 202 793 102 256 390 989 885 803 377 1325
1391 742 827 878 254 906 369 459 258 721 698 886 346 1179
1392 674 398 408 840 702 210 422 969 745 180 304 828 1037
1393 539 225 934 597 999 412 419 505 977 982 262 786 1073
1394 968 485 561 1000 695 507 404 926 614 522 482 996 1406
1395 895 168 435 892 785 804 793 372 912 272 337 328 1062
1396 335 775 239 852 444 391 670 207 330 224 954 899 1231
1397 542 715 847 725 823 222 731 135 497 201 832 579 1450
1398 855 882 305 742 732 627 149 176 721 483 205 884 1329
1399 443 408 417 447 124 908 146 706 711 657 170 701 1010
1400 656 422 770 407 224 578 362 697 907 851 219 223 1175
1401 794 191 693 627 941 322 886 920 387 372 399 924 1337
1402 343 546 821 531 339 928 747 967 489 979 674 970 1364
1403 433 114 854 737 633 640 531 843 366 944 582 734 1281
1404 920 647 537 386 960 314 234 635 797 324 913 908 1461
1405 566 195 169 849 276 397 927 755 648 357 458 524 1202
1406 529 488 855 331 563 358 391 163 446 608 520 789 1068
1407 105 159 135 668 450 128 914 191 887 462 992 314 1081
1408 193 496 392 143 712 943 716 504 340 445 437 252 1184
1409 129 788 117 912 190 869 771 390 224 189 657 132 1232
1410 664 603 375 249 344 770 373 840 762 168 873 487 1458
1411 415 745 160 815 409 305 348 889 914 861 564 792 1469
1412 733 439 173 731 279 133 624 475 442 138 690 318 1182
1413 703 367 687 797 279 399 516 329 210 209 613 844 1130
1414 459 312 867 335 356 130 994 531 180 464 317 106 1238
1415 315 295 836 597 389 328 388 459 783 512 993 824 1419
1416 976 907 193 184 733 991 584 358 397 522 893 436 1286
1417 155 437 774 328 837 943 451 652 956 662 833 707 1342
1418 407 908 241 491 833 544 652 168 976 166 651 538 1372
1419 407 794 986 166 689 994 157 394 242 184 901 359 1170
1420 633 841 891 343 988 999 922 171 823 249 270 301 1435
1421 594 737 603 370 309 227 432 446 500 679 806 188 1301
1422 928 187 132 698 174 836 721 427 850 690 944 337 1325
1423 415 954 898 268 141 940 941 826 882 952 887 345 1426
1424 478 986 710 817 144 844 308 673 745 397 726 954 1281
1425 394 707 242 925 470 619 311 620 330 641 282 780 1400
1426 637 263 406 642 914 536 873 532 133 353 938 820 1371
1427 530 743 786 275 573 128 252 131 217 901 859 422 1450
1428 424 123 762 987 847 720 733 942 553 752 793 792 1029
1429 190 606 307 923 507 408 301 476 907 348 902 574 1005
1430 776 516 287 294 254 398 502 144 938 384 469 437 1055
1431 434 732 473 784 783 703 171 176 355 1000 321 651 1437
1432 535 126 334 854 354 159 354 745 640 442 734 368 1493
1433 857 712 372 309 142 829 613 883 881 707 101 862 1439
1434 271 427 767 226 996 858 674 905 749 938 586 893 1007
1435 476 738 509 323 632 724 726 651 293 982 134 298 1103
1436 219 380 824 155 128 945 168 164 387 728 599 450 1323
1437 637 860 819 324 687 697 766 575 655 245 460 570 1039
1438 142 196 282 732 134 119 155 201 409 553 146 406 1191
1439 824 338 288 232 750 134 174 191 201 471 117 268 1178
1440 395 702 644 725 437 805 496 554 709 999 847 484 1210
1441 141 302 813 527 869 423 642 570 917 404 879 414 1272
1442 982 879 695 702 874 651 866 427 273 678 905 525 1102
1443 186 616 766 636 424 941 993 837 559 628 315 519 1055
1444 553 274 150 706 493 899 714 965 486 399 559 185 1249
1445 543 331 676 684 589 556 217 165 548 580 996 167 1071
1446 762 235 449 517 612 836 223 639 105 222 112 745 1105
1447 827 755 172 879 928 970 131 150 882 773 428 948 1297
1448 785 912 715 203 136 923 524 601 998 959 860 351 1177
1449 206 483 551 908 211 317 916 801 921 229 508 347 1319
1450 603 497 914 645 406 330 547 609 166 298 141 308 1188
1451 944 748 822 477 505 723 355 941 685 499 729 982 1069
1452 944 986 912 387 833 704 876 217 451 880 487 969 1322
1453 421 432 819 718 634 908 269 865 864 345 361 288 1303
1454 180 342 703 584 905 351 284 522 952 915 261 608 1046
1455 677 490 566 869 107 919 445 170 761 777 293 975 1394
1456 854 149 642 727 999 384 733 350 646 634 169 963 1293
1457 427 813 657 125 218 222 219 216 177 558 152 200 1321
1458 331 904 228 878 916 240 852 230 318 874 695 467 1181
1459 767 663 564 481 481 284 984 866 667 718 218 335 1083
1460 599 565 231 101 380 817 730 852 865 861 436 222 1008
1461 507 309 105 330 745 898 993 771 401 856 186 390 1459
1462 583 709 354 214 564 243 386 705 872 874 914 913 1157
1463 432 125 793 750 494 466 485 222 615 704 691 463 1248
1464 865 687 787 690 120 893 424 118 487 386 698 713 1128
1465 738 805 174 957 375 426 917 822 823 326 840 525 1451
1466 793 771 691 282 347 422 903 111 160 886 271 288 1305
1467 246 795 169 978 278 335 381 140 889 300 283 306 1063
1468 258 155 705 215 897 349 777 502 571 677 994 729 1477
1469 501 676 151 232 426 848 998 775 371 536 978 880 1236
1470 330 284 150 926 162 405 398 492 413 586 132 159 1315
1471 707 552 724 372 306 287 860 671 287 627 497 381 1469
1472 591 529 600 569 367 109 308 270 669 315 935 605 1035
1473 636 426 504 771 790 681 974 792 401 625 120 916 1453
1474 181 799 692 599 680 836 339 874 711 794 351 233 1005
1475 541 154 826 248 335 459 466 152 968 446 784 538 1136
1476 522 118 665 940 248 372 905 184 472 709 639 103 1015
1477 475 613 839 712 342 443 185 946 493 651 807 559 1061
1478 143 975 168 203 661 430 769 660 807 780 427 434 1199
1479 226 455 268 856 472 379 844 561 345 890 204 624 1255
1480 385 259 966 848 387 812 132 604 315 268 663 508 1005
1481 168 295 634 607 776 617 653 283 112 279 122 249 1478
1482 989 506 397 124 969 912 861 411 368 621 462 420 1361
1483 667 277 249 195 965 642 778 236 448 721 860 461 1497
1484 663 774 936 907 824 418 597 877 663 425 861 995 1200
1485 323 862 953 161 445 358 578 519 867 653 200 298 1500
1486 332 999 452 309 577 256 711 772 918 802 685 654 1107
1487 609 441 247 560 913 481 914 908 399 918 205 590 1159
1488 796 744 366 494 253 644 723 249 857 327 873 421 1011
1489 540 284 267 434 738 510 498 641 713 578 177 519 1056
1490 313 269 769 235 803 950 791 890 414 423 471 397 1493
1491 644 837 208 379 287 572 353 906 295 848 832 451 1231
1492 935 810 971 573 462 567 795 777 402 795 915 671 1246
1493 999 570 291 375 201 280 137 780 601 917 663 106 1307
1494 305 872 301 596 641 662 379 656 519 137 574 149 1334
1495 317 558 258 894 103 614 792 817 968 934 143 614 1463
1496 455 914 303 147 376 595 784 132 187 681 178 599 1019
1497 160 625 657 394 396 160 598 403 157 601 407 622 1386
1498 771 124 781 892 180 779 485 187 586 817 300 475 1366
1499 815 323 718 910 188 259 276 997 792 819 475 531 1364
1500 182 211 659 551 743 356 175 224 985 471 319 828 1250
1501 232 338 690 904 625 508 627 531 663 302 636 330 1361
1502 357 634 579 362 942 335 946 312 772 512 961 650 1112
1503 681 568 933 440 791 274 811 843 597 624 874 180 1073
1504 319 142 183 825 859 223 637 861 948 335 224 669 1128
1505 877 828 501 987 881 486 568 988 689 861 791 374 1041
1506 837 217 733 937 676 960 840 579 412 850 965 542 1414
1507 462 342 197 894 619 494 597 391 192 235 363 192 1000
1508 732 384 595 119 540 582 597 419 474 225 993 659 1474
1509 191 593 975 108 925 394 444 439 887 672 316 319 1295
1510 962 246 554 573 600 691 400 717 625 554 315 724 1337
1511 798 824 313 659 879 197 795 530 486 668 532 778 1172
1512 112 989 983 574 779 122 917 221 874 292 330 233 1177
1513 611 276 277 802 169 732 771 399 774 912 759 948 1101
1514 918 972 458 397 822 484 563 787 300 577 529 757 1469
1515 926 617 328 973 391 692 510 602 542 146 920 730 1083
1516 846 997 740 482 659 622 988 212 999 639 194 701 1443
1517 292 596 525 409 945 635 110 408 623 972 124 653 1494
1518 871 541 689 751 817 222 481 767 724 421 735 829 1073
1519 386 328 897 974 858 228 280 107 793 646 564 555 1263
1520 452 630 732 989 967 219 549 515 446 279 269 640 1462
1521 811 826 123 646 434 389 575 379 905 671 502 672 1235
1522 427 652 591 598 518 846 132 807 576 696 542 863 1439
1523 277 189 615 433 486 906 318 292 656 301 261 867 1303
1524 981 721 172 122 687 267 196 404 866 238 320 267 1331
1525 425 629 232 585 506 424 596 258 871 231 209 707 1174
1526 806 789 477 955 595 590 325 819 172 231 444 169 1092
1527 986 542 694 344 567 417 147 772 246 367 531 648 1460
1528 941 597 968 843 647 203 333 450 145 163 781 967 1290
1529 568 814 519 476 992 598 973 930 706 982 838 335 1236
1530 102 206 792 622 448 702 412 915 350 196 288 315 1298
1531 106 286 264 470 988 688 826 643 509 402 769 800 1028
1532 511 628 668 293 658 658 372 902 159 907 715 363 1238
1533 671 950 199 150 491 140 515 970 902 667 694 595 1238
1534 244 830 732 218 199 556 979 271 686 220 249 849 1364
1535 735 138 807 448 411 975 582 656 112 483 458 373 1460
1536 450 588 597 109 479 940 402 338 907 548 970 625 1343
1537 501 441 504 586 110 938 441 926 958 909 830 895 1210
1538 249 805 295 270 267 279 727 798 518 748 295 547 1102
1539 151 429 623 580 549 779 745 125 865 193 309 800 1174
1540 597 656 207 448 675 175 811 653 486 634 130 790 1145
1541 526 592 146 930 715 456 514 727 509 820 177 841 1325
1542 166 278 227 315 769 735 780 168 570 430 979 433 1111
1543 407 301 765 871 119 860 863 843 390 274 433 545 1276
1544 796 765 118 347 587 790 834 837 197 185 248 162 1439
1545 659 917 776 367 240 764 555 924 751 389 299 812 1466
1546 525 356 286 884 208 304 778 573 501 288 991 612 1322
1547 761 909 478 486 169 824 281 944 581 179 830 347 1273
1548 273 254 467 476 969 418 681 190 968 689 458 648 1357
1549 369 847 866 669 839 324 548 548 893 851 118 230 1069
1550 421 885 334 346 973 263 337 494 409 419 709 353 1073
1551 875 195 340 494 573 482 867 277 432 679 726 300 1274
1552 114 955 623 286 953 580 969 167 524 585 867 765 1492
1553 504 885 471 526 621 890 117 919 847 609 767 291 1240
1554 451 144 657 948 590 884 757 322 847 150 301 447 1354
1555 562 457 380 660 595 506 865 830 125 499 797 155 1019
1556 486 757 147 154 604 141 572 400 444 146 548 231 1431
1557 828 895 315 341 830 441 107 362 541 588 926 989 1294
1558 641 913 737 991 954 744 823 892 517 142 197 709 1169
1559 141 880 906 236 624 193 960 519 342 609 322 268 1383
1560 537 849 430 397 236 843 547 376 518 661 388 849 1477
1561 563 263 477 528 676 931 151 465 819 321 291 100 1134
1562 796 808 465 480 593 609 897 207 954 777 589 976 1105
1563 842 586 537 165 419 199 285 571 556 771 875 283 1412
1564 515 806 589 291 977 956 945 351 820 700 427 367 1490
1565 266 250 332 978 425 984 908 573 104 682 387 867 1124
1566 168 133 179 985 949 714 753 926 110 115 853 556 1040
1567 863 469 389 965 345 590 486 635 1000 735 731 559 1447
1568 174 872 729 105 240 110 926 667 528 120 877 444 1476
1569 834 821 464 503 623 761 751 539 229 811 301 723 1331
1570 535 205 602 867 901 131 531 751 132 154 699 217 1222
1571 701 602 420 768 125 297 930 731 259 130 528 513 1137
1572 497 227 886 291 196 878 781 726 652 457 498 643 1173
1573 763 553 819 780 573 868 249 372 748 245 588 979 1224
1574 460 521 620 709 913 907 184 183 676 485 401 225 1186
1575 977 852 845 337 617 460 180 209 512 386 341 809 1260
1576 485 591 473 959 247 757 330 680 909 271 432 631 1424
1577 217 237 517 438 417 174 640 633 749 330 604 146 1209
1578 560 379 448 457 445 702 368 388 338 839 753 976 1117
1579 250 481 510 224 617 462 730 450 256 252 986 165 1428
1580 200 583 220 603 942 330 306 746 347 520 864 350 1106
1581 340 303 551 368 429 564 161 121 291 365 311 731 1207
1582 944 414 457 876 216 849 241 431 755 364 436 256 1102
1583 760 849 940 403 883 225 742 125 281 906 586 920 1150
1584 894 929 444 393 526 626 146 362 882 330 115 392 1449
1585 422 337 360 487 187 931 958 317 821 772 958 813 1162
1586 647 916 719 554 617 405 454 816 813 351 394 156 1217
1587 589 304 498 677 686 558 145 984 785 572 686 972 1324
1588 679 517 808 929 268 199 346 750 252 281 365 125 1127
1589 184 323 985 472 108 937 870 340 227 826 555 788 1401
1590 415 920 357 603 151 204 602 190 898 534 597 340 1216
1591 798 499 856 368 952 412 104 175 613 989 957 485 1204
1592 872 499 764 485 299 709 379 748 921 274 489 281 1169
1593 641 721 782 714 782 619 895 305 766 721 145 674 1287
1594 945 382 389 900 887 139 278 626 314 668 766 557 1114
1595 224 496 285 702 508 778 181 511 507 110 522 215 1040
1596 346 349 101 561 120 163 303 909 618 935 195 104 1257
1597 305 296 194 157 400 240 769 856 638 618 221 983 1470
1598 391 102 239 763 892 315 303 665 299 246 878 442 1372
1599 822 150 973 423 521 273 934 612 477 330 679 540 1293
1600 424 294 117 188 973 741 832 805 608 479 404 967 1060
1601 998 684 544 681 258 793 133 469 513 451 597 321 1487
1602 150 231 122 520 922 729 756 691 728 968 622 661 1341
1603 408 379 106 338 235 176 969 274 992 232 503 110 1065
1604 275 558 157 727 384 724 913 358 376 552 466 831 1199
1605 347 536 862 250 625 105 395 690 437 244 538 147 1154
1606 578 140 993 221 967 702 483 763 646 974 447 240 1360
1607 410 208 577 613 462 306 953 781 415 857 173 783 1451
1608 171 306 917 138 358 351 118 538 308 814 516 367 1214
1609 833 364 930 866 622 499 151 955 240 979 641 560 1450
1610 945 489 598 994 250 131 184 605 327 142 652 123 1384
1611 157 385 885 760 174 276 182 865 344 510 590 692 1115
1612 184 233 591 804 799 196 713 591 420 615 292 620 1079
1613 788 569 824 246 525 101 581 485 336 906 965 984 1015
1614 304 844 832 610 905 253 609 811 905 1000 663 775 1412
1615 673 223 117 143 320 878 798 213 782 176 404 221 1454
1616 851 157 902 502 515 954 231 600 337 224 372 627 1365
1617 218 671 885 996 936 838 483 599 623 192 419 873 1481
1618 976 752 742 953 627 762 996 985 307 306 809 133 1406
1619 611 672 602 423 448 354 356 714 322 789 778 939 1379
1620 500 580 449 541 175 234 126 341 834 567 350 182 1179
1621 671 805 242 242 618 522 933 394 657 894 365 480 1200
1622 260 675 970 703 631 694 449 151 141 638 761 718 1282
1623 917 293 310 226 139 403 790 140 683 718 460 645 1342
1624 108 253 787 719 601 360 772 500 224 585 857 724 1016
1625 687 211 529 844 742 376 803 282 518 441 568 305 1479
1626 236 209 340 124 588 351 946 220 457 931 287 466 1231
1627 664 655 217 950 786 511 205 609 684 903 484 845 1003
1628 116 192 911 263 437 393 699 305 182 345 711 933 1215
1629 452 167 960 937 826 933 217 667 719 167 944 687 1130
1630 793 589 477 570 333 885 152 452 878 230 391 655 1058
1631 498 868 324 583 292 518 568 819 649 336 828 137 1486
1632 984 357 394 925 103 969 444 777 198 135 931 290 1002
1633 270 756 662 168 733 173 163 638 171 442 182 493 1457
1634 444 878 963 345 312 416 338 936 642 964 913 532 1213
1635 971 326 599 564 844 233 443 786 877 809 841 194 1243
1636 320 702 887 219 769 124 967 172 519 654 127 265 1318
1637 155 843 125 754 332 887 338 895 444 377 438 680 1065
1638 442 424 242 835 156 284 492 879 237 460 545 358 1045
1639 935 957 518 179 920 912 576 728 867 903 992 218 1289
1640 173 820 591 537 333 184 329 401 266 233 135 604 1027
1641 377 632 853 736 866 573 343 356 655 944 135 477 1129
1642 511 904 784 416 129 734 718 915 398 288 768 496 1366
1643 563 973 892 764 895 779 115 989 841 986 437 317 1213
1644 615 938 728 487 441 518 547 888 405 234 498 140 1498
1645 282 148 318 144 350 105 860 609 291 691 320 473 1118
1646 829 362 829 882 264 809 649 922 515 861 622 759 1323
1647 302 254 416 331 688 394 539 1000 402 216 225 534 1359
1648 260 669 112 767 741 481 236 141 528 392 912 561 1344
1649 287 963 956 250 216 135 470 456 700 497 128 363 1042
1650 227 882 814 864 425 119 788 675 211 106 932 413 1165
1651 299 958 247 589 279 460 489 891 807 946 288 883 1280
1652 339 703 673 817 580 188 803 574 702 272 147 833 1144
1653 467 571 198 191 857 801 710 750 880 192 963 820 1201
1654 265 377 890 269 545 765 598 257 369 847 523 725 1320
1655 877 912 752 437 121 565 427 299 260 317 973 622 1436
1656 321 490 775 560 895 619 120 775 870 873 476 768 1132
1657 784 480 538 387 694 886 666 628 146 747 202 218 1121
1658 429 536 806 153 360 923 115 134 812 401 794 469 1470
1659 460 926 349 294 671 444 619 839 833 107 130 645 1183
1660 981 895 377 312 464 822 414 264 182 650 132 923 1265
1661 863 101 193 588 150 480 243 469 863 472 548 396 1397
1662 370 216 304 438 982 687 180 943 967 590 243 327 1000
1663 876 968 354 974 142 130 1000 981 834 800 707 192 1098
1664 985 877 353 226 168 249 128 370 351 451 141 464 1236
1665 311 100 235 381 532 444 806 499 324 367 645 922 1124
1666 567 886 372 311 353 356 541 805 619 778 369 176 1231
1667 155 436 607 340 720 851 356 952 102 448 636 882 1489
1668 375 353 451 842 256 980 378 861 600 793 772 917 1107
1669 645 897 557 592 341 554 103 730 207 493 319 891 1135
1670 747 451 455 291 704 524 291 586 673 979 230 425 1288
1671 269 561 935 667 467 739 101 894 103 484 341 616 1075
1672 701 408 531 102 309 735 363 744 827 228 346 189 1167
1673 483 384 644 782 469 808 697 286 826 589 595 603 1141
1674 901 686 974 461 938 112 280 608 777 877 365 256 1198
1675 313 853 762 888 732 812 508 628 382 946 847 835 1196
1676 830 490 366 525 226 413 107 668 529 156 574 712 1459
1677 228 885 936 605 197 715 436 517 780 557 898 875 1215
1678 518 760 429 927 723 734 979 291 696 424 420 526 1363
1679 154 280 906 236 338 280 230 155 616 214 150 744 1038
1680 836 891 395 661 156 408 345 749 212 512 785 898 1217
1681 704 448 330 605 198 989 190 874 547 192 753 593 1282
1682 709 689 344 979 372 150 662 217 644 390 684 630 1420
1683 125 418 181 682 513 243 239 304 359 622 817 417 1113
1684 993 148 130 252 174 359 319 310 521 976 109 941 1373
1685 276 282 682 943 601 323 613 852 609 788 114 182 1134
1686 644 121 882 823 703 679 807 224 772 452 978 286 1493
1687 795 809 554 793 737 260 750 514 462 804 252 415 1207
1688 882 812 873 573 561 800 599 950 357 293 550 466 1133
1689 501 256 188 843 855 235 214 756 135 606 534 693 1138
1690 566 251 434 591 839 182 201 179 586 341 934 701 1307
1691 407 393 209 111 511 610 419 341 867 862 764 507 1013
1692 514 288 904 462 548 523 485 388 700 604 700 172 1329
1693 655 875 533 290 355 879 116 960 637 717 461 471 1219
1694 202 107 247 398 708 932 835 136 768 948 786 121 1366
1695 826 902 814 304 520 393 958 622 953 142 611 282 1120
1696 961 134 316 442 208 108 351 745 938 689 766 761 1418
1697 152 385 823 821 429 170 670 665 298 423 857 956 1146
1698 474 636 603 565 867 271 835 106 896 541 269 988 1358
1699 327 882 161 326 881 593 506 668 780 373 284 727 1004
1700 362 921 365 476 509 963 711 479 584 368 472 322 1409
1701 478 208 182 637 141 253 463 665 105 828 835 341 1294
1702 914 791 417 882 220 309 602 236 658 982 313 733 1446
1703 437 950 435 181 877 107 603 577 434 819 798 988 1312
1704 313 146 313 210 864 379 747 760 601 144 637 603 1388
1705 621 940 689 842 846 907 334 950 901 874 355 443 1374
1706 800 816 595 579 312 440 437 422 638 816 486 875 1003
1707 234 260 812 595 849 991 463 631 329 119 746 362 1248
1708 616 151 916 765 915 814 335 827 593 889 616 491 1480
1709 165 494 621 510 348 165 474 711 177 889 484 902 1149
1710 539 806 769 481 146 565 352 835 440 323 816 114 1362
1711 775 624 300 350 871 874 511 279 995 897 180 790 1322
1712 634 141 799 649 761 194 639 539 214 211 485 297 1382
1713 526 219 605 353 558 212 449 279 137 850 952 202 1266
1714 827 602 236 832 136 950 235 104 501 892 606 453 1275
1715 478 616 814 154 880 595 685 489 528 362 950 111 1499
1716 237 357 780 130 769 468 825 245 319 771 952 414 1363
1717 295 271 721 680 975 626 308 794 724 447 131 608 1001
1718 381 124 375 846 964 526 463 399 966 147 178 434 1251
1719 645 818 607 785 783 166 818 369 944 650 976 361 1191
1720 398 749 764 296 461 328 626 439 787 227 246 388 1079
1721 576 153 827 608 126 237 926 399 430 536 559 648 1342
1722 720 221 287 692 410 961 751 615 234 340 639 743 1320
1723 276 419 128 965 678 928 917 551 963 798 979 636 1342
1724 286 907 578 206 645 475 101 755 138 103 993 773 1207
1725 802 523 570 372 163 847 814 552 361 106 458 230 1003
1726 382 395 187 102 524 973 681 253 579 851 796 590 1459
1727 169 422 348 656 461 997 304 283 926 914 985 313 1099
1728 431 328 742 653 713 105 146 343 114 966 931 621 1183
1729 352 977 247 642 938 151 601 496 718 403 579 498 1043
1730 717 754 294 990 449 521 805 513 668 281 842 266 1017
1731 148 658 909 343 901 684 395 650 111 913 698 837 1006
1732 743 775 704 162 736 931 641 386 966 886 465 942 1495
1733 429 484 433 126 787 536 946 267 624 809 130 565 1220
1734 465 178 446 850 465 509 545 742 338 435 263 347 1136
1735 904 490 389 715 137 950 903 512 922 425 796 419 1272
1736 934 707 344 419 601 203 592 630 963 335 544 178 1224
1737 100 731 627 759 120 577 266 811 909 724 477 591 1117
1738 678 484 211 569 989 471 538 930 852 229 801 313 1056
1739 564 733 891 186 337 429 757 678 240 695 897 113 1059
1740 920 373 553 607 664 664 288 461 665 869 525 375 1477
1741 416 281 312 398 557 911 919 326 372 125 226 590 1080
1742 194 293 930 798 752 829 552 643 569 178 629 990 1330
1743 630 545 959 923 942 793 534 273 451 199 595 903 1249
1744 563 447 525 568 289 318 466 863 105 304 991 956 1436
1745 185 667 200 263 929 725 315 176 695 957 790 672 1213
1746 160 566 495 687 321 607 212 999 368 204 921 151 1119
1747 874 170 971 135 798 774 224 912 763 861 332 903 1211
1748 508 151 279 414 846 651 727 124 248 371 886 623 1020
1749 463 857 569 880 470 933 782 485 123 388 760 123 1194
1750 999 685 329 285 525 912 504 917 618 329 851 422 1228
1751 439 560 540 940 717 257 904 176 332 406 991 583 1320
1752 855 723 263 263 362 405 861 240 154 836 534 528 1269
1753 369 274 165 901 785 605 455 696 550 605 327 132 1208
1754 385 604 751 364 827 653 679 331 890 424 365 553 1394
1755 407 572 589 967 510 254 286 504 463 122 500 322 1048
1756 805 866 139 744 938 478 562 630 930 535 886 345 1160
1757 409 970 400 788 681 610 105 995 912 962 960 559 1351
1758 152 607 605 617 634 184 492 977 571 466 514 278 1199
1759 392 760 671 924 574 845 114 112 931 641 414 633 1007
1760 359 294 787 764 769 358 637 382 139 813 862 603 1195
1761 200 517 437 774 669 964 633 935 415 879 267 436 1289
1762 123 671 941 261 312 928 620 812 823 496 151 128 1152
1763 361 995 528 292 402 988 930 965 834 869 162 117 1240
1764 652 502 576 448 727 313 889 307 526 663 142 660 1238
1765 563 788 754 278 131 794 503 790 716 113 995 927 1205
1766 859 784 847 812 851 106 950 100 478 329 827 181 1392
1767 960 490 986 876 736 919 274 391 107 754 130 252 1202
1768 264 791 102 177 273 345 324 149 272 498 803 348 1257
1769 215 703 823 485 935 336 785 987 297 981 210 842 1312
1770 533 148 180 179 164 696 1000 104 299 321 857 446 1117
1771 370 786 474 534 829 802 223 975 669 724 192 986 1168
1772 438 506 718 827 473 781 858 267 902 989 229 763 1231
1773 896 439 176 267 602 947 126 872 210 925 135 971 1448
1774 654 593 216 867 318 832 601 176 752 782 206 742 1306
1775 727 366 270 464 209 592 778 151 931 553 753 395 1381
1776 299 587 372 427 929 626 596 409 380 391 391 915 1224
1777 902 777 549 554 197 192 579 650 669 429 276 711 1075
1778 820 400 165 663 661 100 356 738 466 979 771 718 1436
1779 512 161 492 706 497 391 467 815 152 936 617 769 1264
1780 420 199 790 391 472 143 726 562 702 434 960 200 1239
1781 190 684 770 844 693 132 538 126 619 518 714 163 1000
1782 668 388 777 433 835 491 564 574 532 544 647 394 1112
1783 812 512 255 352 219 461 652 941 275 594 239 158 1136
1784 499 231 847 938 967 946 885 888 797 446 443 891 1220
1785 729 739 411 600 673 853 978 387 257 659 518 629 1106
1786 654 878 395 411 326 909 364 640 521 723 404 869 1203
1787 972 572 583 127 433 606 727 716 296 678 838 596 1062
1788 277 505 222 865 628 266 301 477 656 745 565 365 1100
1789 724 622 474 730 841 642 584 180 679 120 676 849 1126
1790 668 893 766 610 240 813 366 778 690 283 657 732 1338
1791 233 954 684 267 114 851 867 855 672 790 243 935 1411
1792 551 388 441 405 922 787 642 674 177 525 517 684 1217
1793 818 717 437 812 739 300 596 346 100 541 397 524 1307
1794 131 114 519 323 637 249 668 431 604 143 185 842 1321
1795 220 359 431 926 341 180 644 331 861 995 200 808 1315
1796 385 197 199 275 694 222 475 505 212 696 104 720 1370
1797 874 489 838 415 933 700 549 184 755 542 394 120 1492
1798 884 773 533 611 796 758 944 218 235 503 190 615 1292
1799 204 341 973 290 558 749 729 825 388 741 374 821 1002
1800 372 137 176 618 829 160 955 493 578 384 673 770 1362
1801 543 521 622 927 755 509 263 706 533 849 549 791 1443
1802 345 569 252 496 684 383 818 883 500 938 720 960 1314
1803 449 792 281 218 912 1000 685 774 991 857 584 524 1029
1804 390 359 609 930 690 696 360 386 153 947 113 400 1049
1805 929 647 125 975 188 849 112 282 1000 784 598 886 1055
1806 671 805 319 719 572 121 939 671 135 947 446 550 1031
1807 114 329 637 425 577 970 500 568 970 204 785 802 1000
1808 410 669 671 290 865 644 938 201 904 594 200 117 1416
1809 291 981 894 958 532 898 178 315 719 605 601 515 1112
1810 274 544 822 626 433 581 675 700 198 668 585 217 1422
1811 736 938 987 628 876 332 816 985 1000 411 599 969 1376
1812 670 862 903 512 221 268 113 452 842 894 696 354 1159
1813 467 286 324 438 865 338 311 841 387 636 351 481 1169
1814 689 960 497 381 673 573 305 184 630 405 406 796 1375
1815 981 122 189 981 413 569 294 784 495 962 563 595 1315
1816 362 223 315 996 636 273 387 503 185 541 513 710 1479
1817 226 654 804 625 498 250 207 390 733 126 674 736 1169
1818 445 181 719 196 295 643 535 650 612 736 937 980 1051
1819 664 824 309 426 926 873 574 106 320 781 625 765 1337
1820 848 300 534 823 490 106 847 991 813 654 805 213 1461
1821 691 491 704 165 728 145 622 865 813 366 103 735 1474
1822 478 861 520 482 596 110 419 188 145 115 784 449 1348
1823 894 359 941 703 479 510 646 724 678 800 585 634 1115
1824 430 682 523 664 358 622 940 256 262 519 364 166 1248
1825 976 722 122 924 197 320 692 681 762 513 923 643 1263
1826 773 810 176 169 188 501 925 735 264 837 381 432 1404
1827 807 521 379 918 453 621 828 665 227 447 688 332 1423
1828 194 223 617 476 977 228 818 945 163 388 749 223 1270
1829 937 938 941 108 950 1000 170 434 517 252 394 320 1464
1830 273 285 388 415 692 857 391 707 409 580 145 297 1297
1831 509 896 154 729 658 583 167 219 268 104 751 466 1240
1832 332 241 883 435 525 673 192 817 432 271 814 489 1346
1833 447 508 360 422 763 873 814 689 859 353 394 161 1302
1834 769 784 993 839 817 578 173 255 791 605 310 615 1202
1835 757 563 313 300 780 657 919 826 642 720 877 367 1352
1836 101 332 660 460 868 771 875 842 616 747 191 862 1183
1837 401 226 727 735 542 173 570 370 637 214 589 900 1407
1838 169 664 955 246 254 724 821 850 985 980 677 843 1272
1839 531 975 227 553 176 968 438 494 776 998 813 749 1102
1840 485 419 555 188 623 347 442 362 665 859 569 979 1296
1841 327 623 936 498 738 698 288 264 565 220 224 304 1028
1842 882 458 409 937 529 537 435 771 512 643 761 169 1340
1843 115 889 221 383 578 747 275 786 156 330 513 240 1355
1844 989 356 412 269 652 927 181 733 102 813 739 166 1247
1845 333 324 867 669 547 887 996 615 883 539 358 155 1132
1846 807 763 943 260 526 559 813 201 587 497 692 737 1481
1847 979 920 269 122 568 673 985 522 435 499 286 968 1139
1848 975 297 998 327 893 574 350 646 695 738 782 848 1129
1849 381 896 601 517 722 683 204 206 237 642 643 183 1414
1850 370 650 854 567 927 556 117 656 598 979 921 137 1165
1851 541 591 169 761 735 742 536 343 195 846 988 554 1249
1852 326 148 364 988 246 773 881 302 354 825 652 365 1434
1853 872 732 976 578 801 884 391 566 148 527 686 973 1130
1854 831 755 868 238 677 567 490 824 907 367 809 249 1008
1855 752 407 740 775 143 340 122 953 840 612 271 783 1126
1856 129 489 222 861 108 603 319 963 993 493 271 358 1444
1857 323 294 819 366 464 718 303 644 399 642 542 747 1212
1858 260 636 128 762 164 203 993 195 653 958 135 569 1105
1859 510 307 695 119 707 576 672 672 419 697 980 681 1330
1860 390 278 197 483 631 796 560 309 791 844 238 549 1359
1861 290 229 850 753 731 283 312 753 837 801 876 767 1298
1862 198 978 802 905 555 706 715 896 746 140 407 554 1104
1863 660 412 742 894 162 233 131 242 858 534 932 513 1198
1864 600 683 472 557 363 362 126 722 205 853 842 275 1130
1865 462 982 756 336 905 649 961 294 136 688 818 994 1338
1866 770 719 679 714 501 777 637 312 926 552 228 251 1136
1867 386 454 303 780 861 797 357 232 780 205 958 561 1153
1868 768 411 346 345 283 878 748 883 494 346 986 237 1137
1869 663 314 268 275 216 294 297 689 625 504 404 440 1435
1870 886 242 169 630 578 965 266 877 292 798 476 999 1256
1871 999 232 244 410 258 344 171 436 462 484 371 912 1496
1872 138 207 926 312 941 419 974 237 948 795 935 795 1040
1873 657 840 531 347 913 716 147 157 923 323 857 950 1078
1874 696 435 800 700 885 975 928 649 357 274 182 982 1449
1875 750 707 268 156 224 933 264 242 182 513 507 957 1367
1876 388 686 161 881 567 481 620 150 799 237 859 769 1049
1877 252 274 939 168 417 863 788 564 175 421 390 178 1275
1878 267 941 350 129 557 166 261 761 649 824 388 329 1162
1879 684 333 287 980 436 305 357 934 332 947 934 917 1472
1880 775 653 296 580 323 241 908 235 791 794 256 934 1141
1881 403 497 830 692 972 374 342 537 228 440 432 722 1449
1882 113 577 839 303 241 283 186 717 134 300 426 259 1417
1883 717 114 236 871 658 763 591 217 852 886 169 306 1206
1884 113 672 778 125 645 257 306 242 582 945 538 264 1440
1885 409 547 723 966 813 863 127 419 783 839 227 717 1229
1886 110 205 590 525 297 101 396 415 872 542 667 866 1447
1887 575 255 155 423 489 517 352 320 102 280 772 853 1081
1888 779 792 912 329 242 683 892 785 812 489 354 434 1094
1889 424 493 709 991 209 903 987 104 501 666 280 892 1076
1890 941 908 210 425 222 886 481 262 995 146 477 158 1093
1891 676 743 676 310 418 210 742 668 897 594 455 157 1056
1892 765 117 519 281 687 854 638 126 881 718 272 246 1256
1893 834 512 788 825 896 435 106 955 567 547 981 882 1257
1894 888 974 641 820 601 481 186 194 343 205 540 177 1421
1895 270 798 382 856 822 120 791 216 823 583 794 546 1487
1896 413 631 728 770 471 763 620 236 422 436 304 796 1013
1897 479 452 363 302 243 306 249 183 507 359 684 596 1422
1898 958 121 675 584 291 670 508 855 223 713 365 590 1047
1899 480 233 831 466 771 809 530 861 960 597 887 224 1134
1900 607 413 144 996 884 794 865 319 463 205 153 872 1042
1901 474 197 327 449 726 795 922 388 570 693 786 550 1492
1902 207 669 149 332 497 586 951 372 311 807 678 453 1281
1903 401 116 755 577 314 138 117 757 766 774 766 659 1194
1904 269 305 322 957 759 593 139 497 272 672 429 877 1458
1905 107 787 932 129 369 724 573 977 949 418 179 677 1021
1906 371 793 904 108 129 576 403 273 480 644 610 218 1135
1907 898 310 612 862 860 815 548 640 152 495 206 532 1162
1908 439 964 668 106 376 247 257 112 516 185 826 744 1253
1909 411 797 479 577 468 147 277 546 667 708 324 136 1105
1910 650 191 454 886 407 891 423 791 615 154 393 417 1464
1911 114 396 809 622 643 471 112 135 195 830 559 440 1187
1912 561 707 740 827 873 634 148 309 715 443 222 872 1132
1913 568 489 332 767 419 130 884 786 254 286 514 659 1458
1914 699 459 553 501 680 759 276 972 177 394 311 581 1220
1915 386 407 778 993 589 903 211 718 801 379 600 180 1415
1916 721 862 923 136 329 733 540 864 837 550 413 261 1380
1917 546 187 518 251 362 559 830 568 959 762 776 222 1382
1918 784 563 380 1000 364 953 430 646 976 300 147 574 1092
1919 366 678 124 179 978 278 775 798 834 611 296 333 1488
1920 610 848 326 603 132 709 997 999 799 836 239 571 1122
1921 336 537 619 169 156 160 800 179 658 845 613 211 1465
1922 861 680 193 787 198 747 354 867 503 351 899 908 1170
1923 133 856 701 105 154 268 635 993 930 662 905 587 1055
1924 441 106 615 342 314 421 376 971 942 548 748 434 1289
1925 680 857 114 795 591 849 111 312 864 564 722 954 1413
1926 897 215 284 808 741 930 450 388 495 343 835 954 1015
1927 321 445 839 733 804 137 638 129 805 819 770 812 1421
1928 899 482 435 365 642 248 387 882 277 887 662 780 1499
1929 182 197 608 473 923 421 498 854 364 626 421 152 1425
1930 549 564 269 211 801 669 386 432 540 910 611 578 1303
1931 709 896 517 278 351 646 946 127 438 726 844 584 1463
1932 613 613 236 145 423 112 363 416 872 938 993 567 1401
1933 714 747 323 661 977 813 603 584 158 958 865 152 1213
1934 975 789 882 944 384 720 533 714 167 395 485 871 1393
1935 188 862 119 125 391 190 307 483 561 840 107 608 1174
1936 878 140 224 618 806 501 112 519 811 272 112 944 1248
1937 616 842 671 880 841 458 695 577 448 818 761 130 1023
1938 628 823 532 333 513 649 253 570 405 743 740 900 1382
1939 600 667 200 698 232 727 673 641 334 199 536 518 1386
1940 144 622 338 560 900 383 750 601 902 722 483 713 1446
1941 266 836 825 374 756 568 112 293 541 759 854 701 1232
1942 593 115 714 191 701 125 296 111 516 109 994 650 1357
1943 719 217 960 871 901 199 120 672 569 494 756 345 1149
1944 363 949 308 969 720 951 663 417 986 576 622 391 1004
1945 533 135 449 286 385 724 920 682 573 544 574 642 1042
1946 895 666 624 415 166 406 790 378 534 283 829 769 1342
1947 901 979 900 297 301 931 614 749 853 236 441 743 1114
1948 869 388 496 509 435 199 996 693 102 222 299 313 1418
1949 287 634 286 676 953 778 202 129 408 371 434 849 1472
1950 979 583 346 672 940 347 301 803 439 437 160 328 1359
1951 973 939 235 780 109 715 201 642 885 243 234 310 1176
1952 142 354 781 283 763 775 637 639 385 132 298 397 1146
1953 762 570 718 413 103 969 315 189 516 856 177 845 1069
1954 379 306 188 211 345 334 723 647 259 717 766 901 1062
1955 768 963 547 274 433 454 178 207 1000 689 235 501 1323
1956 321 113 893 217 624 489 226 418 615 221 138 389 1003
1957 479 596 340 225 155 711 980 888 828 516 796 931 1259
1958 140 897 106 110 467 145 665 278 733 984 288 556 1187
1959 309 950 554 603 219 993 255 913 184 847 706 651 1494
1960 644 863 446 328 483 386 594 641 271 701 500 895 1487
1961 234 219 169 612 643 866 665 958 564 146 429 753 1475
1962 312 488 554 289 330 259 875 835 694 921 258 685 1457
1963 762 653 477 636 450 512 806 961 489 748 409 929 1389
1964 491 324 676 327 319 185 738 712 739 221 818 267 1363
1965 532 220 842 850 638 214 248 624 282 719 900 340 1401
1966 343 816 221 373 699 177 322 460 681 114 681 689 1238
1967 954 456 117 943 361 562 168 489 442 752 907 190 1434
1968 918 914 837 443 743 397 921 994 876 385 717 303 1450
1969 459 318 185 258 551 312 884 351 601 123 632 837 1149
1970 522 854 894 890 975 401 325 944 931 290 331 141 1200
1971 270 372 338 731 715 943 542 142 862 665 332 631 1127
1972 156 519 502 588 379 391 789 1000 829 165 929 287 1167
1973 484 806 489 903 792 506 927 974 464 271 720 479 1241
1974 741 672 342 640 948 749 519 331 913 253 702 891 1078
1975 146 107 951 746 807 492 973 228 630 991 873 669 1090
1976 562 252 760 281 772 937 233 781 381 696 899 567 1492
1977 617 917 392 903 146 195 604 639 195 821 823 102 1288
1978 610 921 202 607 960 730 144 851 415 990 898 794 1159
1979 191 631 915 372 107 219 465 868 363 238 543 733 1479
1980 397 983 274 166 969 693 793 298 254 464 368 968 1307
1981 412 882 467 794 964 213 656 497 165 784 960 901 1035
1982 673 490 779 688 992 142 411 348 882 153 882 549 1237
1983 346 622 295 735 153 514 117 992 239 950 865 255 1344
1984 507 309 573 265 223 707 246 271 598 180 358 179 1079
1985 630 351 117 901 788 694 239 165 975 300 329 235 1163
1986 717 398 262 768 358 495 186 306 857 146 989 436 1007
1987 202 843 505 236 472 107 829 412 224 815 297 746 1031
1988 868 351 826 227 800 747 347 547 392 732 331 345 1063
1989 630 809 527 610 735 269 935 658 199 143 127 390 1278
1990 341 912 326 481 657 879 763 342 334 468 142 360 1264
1991 449 740 440 718 126 504 843 496 914 587 479 753 1086
1992 262 874 523 231 733 129 224 498 542 375 422 127 1232
1993 295 346 262 509 693 322 652 259 509 118 436 722 1024
1994 646 837 825 778 745 283 298 581 388 635 379 498 1084
1995 531 147 689 159 980 986 270 533 547 670 803 833 1053
1996 694 444 660 819 400 508 553 543 381 828 831 617 1434
1997 156 775 730 416 378 639 605 573 897 743 233 987 1034
1998 947 728 407 696 344 379 407 488 481 556 264 645 1280
1999 977 795 852 877 985 527 513 882 994 155 125 763 1169
2000 126 411 905 248 966 469 401 980 120 643 461 209 1409
2001 125 349 507 402 165 777 107 830 749 430 926 650 1060
2002 1000 765 216 847 534 769 739 660 442 757 289 448 1374
2003 239 743 648 323 345 767 454 612 508 924 315 843 1046
2004 385 427 491 993 463 590 459 656 881 198 396 354 1173
2005 142 814 600 827 549 691 663 872 954 125 467 188 1380
2006 569 508 414 643 383 162 950 331 438 904 179 389 1064
2007 602 496 917 734 235 364 826 424 784 732 464 986 1306
2008 496 930 118 369 998 956 484 276 244 767 192 703 1298
2009 669 212 988 746 922 943 756 269 537 331 810 152 1226
2010 201 952 580 872 860 661 164 204 844 504 485 299 1326
2011 124 706 426 278 161 265 833 342 980 931 692 707 1229
2012 731 780 358 701 401 307 560 441 174 170 749 815 1222
2013 859 664 709 856 227 471 241 600 779 661 805 780 1066
2014 926 328 826 336 715 660 979 503 672 211 119 903 1101
2015 299 140 815 240 544 547 470 848 732 737 138 511 1038
